---
maxVel: 30.0
maxAccel: 75.0
maxAngVel: 3.141592653589793
maxAngAccel: 3.141592653589793
robotLength: 18.0
robotWidth: 18.0
driveType: "MECANUM"
trackWidth: 10.82
lateralMultiplier: 1.14
